63428
65292
60353
9190
23560
35248
43348
33459
10262
24676
41878
29759
40791
9718
9508
7173
45634
12832
9114
41831
56226
27532
31946
47740
53329
40703
11375
54599
22143
14462
16515
57345
33612
25607
57917
49801
41051
60325
39885
26902
3543
39310
37942
23026
42152
43338
45264
58036
18453
37697
50476
54300
50591
40182
45891
37838
53615
39489
58919
6919
39446
2943
14010
32789
35524
23043
17396
53983
49670
3732
38187
33478
61018
16732
39464
31637
8661
55448
24804
41241
29684
24567
33207
27231
16067
26292
15341
55841
13313
28044
31401
3755
37131
55613
46872
35294
42025
8262
58556
53480
9448
15845
34134
5602
44029
1514
44995
60413
16551
26646
49118
41269
19089
39680
23781
27535
59762
37532
55881
19445
41293
38874
643
58039
55112
51477
25500
62948
61406
12456
50042
59857
7158
53662
13801
32597
12769
4293
41819
49099
41360
47509
52053
18937
19284
65126
29797
20079
56921
55339
